# Created by Octave 4.4.0, Mon Aug 20 10:01:20 2018 GMT <unknown@DESKTOP-0PFK62S>
# name: x
# type: matrix
# rows: 21
# columns: 1
 6
 7
 6.5
 8
 6.5999999999999996
 8.0999999999999996
 6.7999999999999998
 6.9000000000000004
 7.2999999999999998
 6.9000000000000004
 8.1999999999999993
 7.2000000000000002
 7.2999999999999998
 6.9000000000000004
 8.5999999999999996
 7.4000000000000004
 7.5999999999999996
 6.7999999999999998
 8
 7.4000000000000004
 6.5


# name: y
# type: matrix
# rows: 21
# columns: 1
 53
 60
 56
 79
 58
 85
 70
 56
 69
 76
 79
 68
 74
 72
 84
 78
 76
 65
 92
 80
 65


